Vertices of my model
(-4,8,-2,1)
(-4,-8,-2,1)
(1,-8,-2,1)
(4,-5,-2,1)
(-2,-5,-2,1)
(-2,5,-2,1)
(4,5,-2,1)
(1,8,-2,1)
(-4,8,2,1)
(-4,-8,2,1)
(1,-8,2,1)
(4,-5,2,1)
(-2,-5,2,1)
(-2,5,2,1)
(4,5,2,1)
(1,8,2,1)
 ----- 
rotationMatrix
(0.9883503,-0.1379891,0.06420782,0)
(0.06420782,0.7605344,0.6461152,0)
(-0.1379891,-0.6344655,0.7605344,0)
(0,0,0,1)
 ----- 
imageAfterRotationMatrix
(-5.18573,4.535213,-6.044836,1)
(-2.977904,-7.633337,4.106611,1)
(1.963848,-7.312298,3.416666,1)
(4.514931,-4.838071,1.099302,1)
(-1.415171,-5.223318,1.927237,1)
(-2.795062,2.382026,-4.417418,1)
(3.13504,2.767273,-5.245353,1)
(-0.2439783,4.856253,-6.734782,1)
(-4.928899,7.119674,-3.002698,1)
(-2.721073,-5.048876,7.148749,1)
(2.220679,-4.727837,6.458803,1)
(4.771762,-2.25361,4.141439,1)
(-1.158339,-2.638857,4.969374,1)
(-2.538231,4.966487,-1.37528,1)
(3.391871,5.351734,-2.203215,1)
(0.01285303,7.440713,-3.692644,1)
 ----- 
scaleMatrix
(2,0,0,0)
(0,2,0,0)
(0,0,1,0)
(0,0,0,1)
 ----- 
imageAfterScaleMatrix
(-10.37146,9.070427,-6.044836,1)
(-5.955808,-15.26667,4.106611,1)
(3.927695,-14.6246,3.416666,1)
(9.029862,-9.676142,1.099302,1)
(-2.830341,-10.44664,1.927237,1)
(-5.590124,4.764052,-4.417418,1)
(6.27008,5.534546,-5.245353,1)
(-0.4879565,9.712505,-6.734782,1)
(-9.857798,14.23935,-3.002698,1)
(-5.442145,-10.09775,7.148749,1)
(4.441358,-9.455674,6.458803,1)
(9.543525,-4.507221,4.141439,1)
(-2.316679,-5.277715,4.969374,1)
(-5.076461,9.932974,-1.37528,1)
(6.783743,10.70347,-2.203215,1)
(0.02570605,14.88143,-3.692644,1)
 ----- 
